ALTER TABLE `cities` CHANGE `x1` `x1` FLOAT;ALTER TABLE `cities` CHANGE `x2` `x2` FLOAT;ALTER TABLE `cities` CHANGE `x3` `x3` FLOAT;ALTER TABLE `cities` CHANGE `x4` `x4` FLOAT;ALTER TABLE `cities` CHANGE `y1` `y1` FLOAT;ALTER TABLE `cities` CHANGE `y2` `y2` FLOAT;ALTER TABLE `cities` CHANGE `y3` `y3` FLOAT;ALTER TABLE `cities` CHANGE `y4` `y4` FLOAT;UPDATE `cities` SET x1 = 42.820603, y1 = 44.481888, x2 = 43.220603, y2 = 44.481888, x3 = 42.820603, y3 = 44.881888, x4 = 43.220603, y4 = 44.881888  WHERE `id` = 213;
UPDATE `cities` SET x1 = 59.944646, y1 = 30.009535, x2 = 60.344646, y2 = 30.009535, x3 = 59.944646, y3 = 30.409535, x4 = 60.344646, y4 = 30.409535  WHERE `id` = 270;
UPDATE `cities` SET x1 = 63.661436, y1 = 57.116531, x2 = 64.061436, y2 = 57.116531, x3 = 63.661436, y3 = 57.516531, x4 = 64.061436, y4 = 57.516531  WHERE `id` = 330;
UPDATE `cities` SET x1 = 45.1562, y1 = 36.267352, x2 = 45.5562, y2 = 36.267352, x3 = 45.1562, y3 = 36.667352, x4 = 45.5562, y4 = 36.667352  WHERE `id` = 1449;
UPDATE `cities` SET x1 = 55.646608, y1 = 48.30112, x2 = 56.046608, y2 = 48.30112, x3 = 55.646608, y3 = 48.70112, x4 = 56.046608, y4 = 48.70112  WHERE `id` = 1727;
UPDATE `cities` SET x1 = 59.563761, y1 = 59.993493, x2 = 59.963761, y2 = 59.993493, x3 = 59.563761, y3 = 60.393493, x4 = 59.963761, y4 = 60.393493  WHERE `id` = 1811;
UPDATE `cities` SET x1 = 52.339308, y1 = 85.013829, x2 = 52.739308, y2 = 85.013829, x3 = 52.339308, y3 = 85.413829, x4 = 52.739308, y4 = 85.413829  WHERE `id` = 1865;
UPDATE `cities` SET x1 = 52.04623, y1 = 117.51174, x2 = 52.44623, y2 = 117.51174, x3 = 52.04623, y3 = 117.91174, x4 = 52.44623, y4 = 117.91174  WHERE `id` = 2006;
UPDATE `cities` SET x1 = 52.936911, y1 = 102.890096, x2 = 53.336911, y2 = 102.890096, x3 = 52.936911, y3 = 103.290096, x4 = 53.336911, y4 = 103.290096  WHERE `id` = 2118;
UPDATE `cities` SET x1 = 55.740689, y1 = 46.002107, x2 = 56.140689, y2 = 46.002107, x3 = 55.740689, y3 = 46.402107, x4 = 56.140689, y4 = 46.402107  WHERE `id` = 2451;
UPDATE `cities` SET x1 = 54.396613, y1 = 52.24326, x2 = 54.796613, y2 = 52.24326, x3 = 54.396613, y3 = 52.64326, x4 = 54.796613, y4 = 52.64326  WHERE `id` = 2816;
UPDATE `cities` SET x1 = 53.856551, y1 = 35.762175, x2 = 54.256551, y2 = 35.762175, x3 = 53.856551, y3 = 36.162175, x4 = 54.256551, y4 = 36.162175  WHERE `id` = 2837;
UPDATE `cities` SET x1 = 45.158423, y1 = 40.496395, x2 = 45.558423, y2 = 40.496395, x3 = 45.158423, y3 = 40.896395, x4 = 45.558423, y4 = 40.896395  WHERE `id` = 3044;
UPDATE `cities` SET x1 = 53.430152, y1 = 55.731634, x2 = 53.830152, y2 = 55.731634, x3 = 53.430152, y3 = 56.131634, x4 = 53.830152, y4 = 56.131634  WHERE `id` = 3059;
UPDATE `cities` SET x1 = 61.469822, y1 = 40.004388, x2 = 61.869822, y2 = 40.004388, x3 = 61.469822, y3 = 40.404388, x4 = 61.869822, y4 = 40.404388  WHERE `id` = 3280;
UPDATE `cities` SET x1 = 58.169849, y1 = 45.318264, x2 = 58.569849, y2 = 45.318264, x3 = 58.169849, y3 = 45.718264, x4 = 58.569849, y4 = 45.718264  WHERE `id` = 3293;
UPDATE `cities` SET x1 = 44.844502, y1 = 41.769065, x2 = 45.244502, y2 = 41.769065, x3 = 44.844502, y3 = 42.169065, x4 = 45.244502, y4 = 42.169065  WHERE `id` = 3370;
UPDATE `cities` SET x1 = 54.119181, y1 = 35.081692, x2 = 54.519181, y2 = 35.081692, x3 = 54.119181, y3 = 35.481692, x4 = 54.519181, y4 = 35.481692  WHERE `id` = 3656;
UPDATE `cities` SET x1 = 55.888403, y1 = 54.048254, x2 = 56.288403, y2 = 54.048254, x3 = 55.888403, y3 = 54.448254, x4 = 56.288403, y4 = 54.448254  WHERE `id` = 3698;
UPDATE `cities` SET x1 = 53.161694, y1 = 55.724582, x2 = 53.561694, y2 = 55.724582, x3 = 53.161694, y3 = 56.124582, x4 = 53.561694, y4 = 56.124582  WHERE `id` = 3729;
UPDATE `cities` SET x1 = 56.922219, y1 = 35.266808, x2 = 57.322219, y2 = 35.266808, x3 = 56.922219, y3 = 35.666808, x4 = 57.322219, y4 = 35.666808  WHERE `id` = 3747;
UPDATE `cities` SET x1 = 52.81706, y1 = 32.193851, x2 = 53.21706, y2 = 32.193851, x3 = 52.81706, y3 = 32.593851, x4 = 53.21706, y4 = 32.593851  WHERE `id` = 3842;
UPDATE `cities` SET x1 = 55.007634, y1 = 36.283584, x2 = 55.407634, y2 = 36.283584, x3 = 55.007634, y3 = 36.683584, x4 = 55.407634, y4 = 36.683584  WHERE `id` = 4426;
UPDATE `cities` SET x1 = 59.444118, y1 = 33.342886, x2 = 59.844118, y2 = 33.342886, x3 = 59.444118, y3 = 33.742886, x4 = 59.844118, y4 = 33.742886  WHERE `id` = 4429;
UPDATE `cities` SET x1 = 57.326543, y1 = 38.12646, x2 = 57.726543, y2 = 38.12646, x3 = 57.326543, y3 = 38.52646, x4 = 57.726543, y4 = 38.52646  WHERE `id` = 4673;
UPDATE `cities` SET x1 = 50.958122, y1 = 81.987216, x2 = 51.358122, y2 = 81.987216, x3 = 50.958122, y3 = 82.387216, x4 = 51.358122, y4 = 82.387216  WHERE `id` = 5073;
UPDATE `cities` SET x1 = 55.695156, y1 = 52.114343, x2 = 56.095156, y2 = 52.114343, x3 = 55.695156, y3 = 52.514343, x4 = 56.095156, y4 = 52.514343  WHERE `id` = 5432;
UPDATE `cities` SET x1 = 60.911193, y1 = 28.67268, x2 = 61.311193, y2 = 28.67268, x3 = 60.911193, y3 = 29.07268, x4 = 61.311193, y4 = 29.07268  WHERE `id` = 5570;
UPDATE `cities` SET x1 = 54.544659, y1 = 35.042463, x2 = 54.944659, y2 = 35.042463, x3 = 54.544659, y3 = 35.442463, x4 = 54.944659, y4 = 35.442463  WHERE `id` = 6002;
UPDATE `cities` SET x1 = 51.758182, y1 = 85.760373, x2 = 52.158182, y2 = 85.760373, x3 = 51.758182, y3 = 86.160373, x4 = 52.158182, y4 = 86.160373  WHERE `id` = 6367;
UPDATE `cities` SET x1 = 52.983026, y1 = 158.188355, x2 = 53.383026, y2 = 158.188355, x3 = 52.983026, y3 = 158.588355, x4 = 53.383026, y4 = 158.588355  WHERE `id` = 6454;
UPDATE `cities` SET x1 = 54.55541, y1 = 61.124427, x2 = 54.95541, y2 = 61.124427, x3 = 54.55541, y3 = 61.524427, x4 = 54.95541, y4 = 61.524427  WHERE `id` = 6476;
UPDATE `cities` SET x1 = 53.534001, y1 = 127.065809, x2 = 53.934001, y2 = 127.065809, x3 = 53.534001, y3 = 127.465809, x4 = 53.934001, y4 = 127.465809  WHERE `id` = 6495;
UPDATE `cities` SET x1 = 66.459365, y1 = 66.188266, x2 = 66.859365, y2 = 66.188266, x3 = 66.459365, y3 = 66.588266, x4 = 66.859365, y4 = 66.588266  WHERE `id` = 6654;
UPDATE `cities` SET x1 = 45.905835, y1 = 33.491099, x2 = 46.305835, y2 = 33.491099, x3 = 45.905835, y3 = 33.891099, x4 = 46.305835, y4 = 33.891099  WHERE `id` = 6877;
UPDATE `cities` SET x1 = 56.052857, y1 = 93.33221, x2 = 56.452857, y2 = 93.33221, x3 = 56.052857, y3 = 93.73221, x4 = 56.452857, y4 = 93.73221  WHERE `id` = 7037;
UPDATE `cities` SET x1 = 42.911199, y1 = 132.147991, x2 = 43.311199, y2 = 132.147991, x3 = 42.911199, y3 = 132.547991, x4 = 43.311199, y4 = 132.547991  WHERE `id` = 7324;
UPDATE `cities` SET x1 = 48.425101, y1 = 142.578851, x2 = 48.825101, y2 = 142.578851, x3 = 48.425101, y3 = 142.978851, x4 = 48.825101, y4 = 142.978851  WHERE `id` = 7350;
UPDATE `cities` SET x1 = 46.452779, y1 = 141.663135, x2 = 46.852779, y2 = 141.663135, x3 = 46.452779, y3 = 142.063135, x4 = 46.852779, y4 = 142.063135  WHERE `id` = 7351;
UPDATE `cities` SET x1 = 53.980857, y1 = 44.986319, x2 = 54.380857, y2 = 44.986319, x3 = 53.980857, y3 = 45.386319, x4 = 54.380857, y4 = 45.386319  WHERE `id` = 7375;
UPDATE `cities` SET x1 = 61.60589, y1 = 36.333, x2 = 62.00589, y2 = 36.333, x3 = 61.60589, y3 = 36.733, x4 = 62.00589, y4 = 36.733  WHERE `id` = 7758;
UPDATE `cities` SET x1 = 51.354657, y1 = 42.946496, x2 = 51.754657, y2 = 42.946496, x3 = 51.354657, y3 = 43.346496, x4 = 51.754657, y4 = 43.346496  WHERE `id` = 7829;
UPDATE `cities` SET x1 = 53.787134, y1 = 123.743632, x2 = 54.187134, y2 = 123.743632, x3 = 53.787134, y3 = 124.143632, x4 = 54.187134, y4 = 124.143632  WHERE `id` = 7849;
UPDATE `cities` SET x1 = 50.890228, y1 = 39.831911, x2 = 51.290228, y2 = 39.831911, x3 = 50.890228, y3 = 40.231911, x4 = 51.290228, y4 = 40.231911  WHERE `id` = 7994;
UPDATE `cities` SET x1 = 56.089071, y1 = 37.283175, x2 = 56.489071, y2 = 37.283175, x3 = 56.089071, y3 = 37.683175, x4 = 56.489071, y4 = 37.683175  WHERE `id` = 8140;
UPDATE `cities` SET x1 = 55.738561, y1 = 37.310098, x2 = 56.138561, y2 = 37.310098, x3 = 55.738561, y3 = 37.710098, x4 = 56.138561, y4 = 37.710098  WHERE `id` = 8159;
UPDATE `cities` SET x1 = 56.144157, y1 = 37.320015, x2 = 56.544157, y2 = 37.320015, x3 = 56.144157, y3 = 37.720015, x4 = 56.544157, y4 = 37.720015  WHERE `id` = 8162;
UPDATE `cities` SET x1 = 43.198163, y1 = 42.721423, x2 = 43.598163, y2 = 42.721423, x3 = 43.198163, y3 = 43.121423, x4 = 43.598163, y4 = 43.121423  WHERE `id` = 8926;
UPDATE `cities` SET x1 = 59.335084, y1 = 45.257646, x2 = 59.735084, y2 = 45.257646, x3 = 59.335084, y3 = 45.657646, x4 = 59.735084, y4 = 45.657646  WHERE `id` = 9492;
UPDATE `cities` SET x1 = 52.559411, y1 = 87.647725, x2 = 52.959411, y2 = 87.647725, x3 = 52.559411, y3 = 88.047725, x4 = 52.959411, y4 = 88.047725  WHERE `id` = 9570;
UPDATE `cities` SET x1 = 41.857669, y1 = 48.088776, x2 = 42.257669, y2 = 48.088776, x3 = 41.857669, y3 = 48.488776, x4 = 42.257669, y4 = 48.488776  WHERE `id` = 9694;
UPDATE `cities` SET x1 = 56.791837, y1 = 60.277136, x2 = 57.191837, y2 = 60.277136, x3 = 56.791837, y3 = 60.677136, x4 = 57.191837, y4 = 60.677136  WHERE `id` = 9941;
UPDATE `cities` SET x1 = 56.775804, y1 = 60.364955, x2 = 57.175804, y2 = 60.364955, x3 = 56.775804, y3 = 60.764955, x4 = 57.175804, y4 = 60.764955  WHERE `id` = 9942;
UPDATE `cities` SET x1 = 51.519086, y1 = 94.237757, x2 = 51.919086, y2 = 94.237757, x3 = 51.519086, y3 = 94.637757, x4 = 51.919086, y4 = 94.637757  WHERE `id` = 10020;
UPDATE `cities` SET x1 = 67.856712, y1 = 166.252154, x2 = 68.256712, y2 = 166.252154, x3 = 67.856712, y3 = 166.652154, x4 = 68.256712, y4 = 166.652154  WHERE `id` = 10314;
UPDATE `cities` SET x1 = 51.530361, y1 = 35.992647, x2 = 51.930361, y2 = 35.992647, x3 = 51.530361, y3 = 36.392647, x4 = 51.930361, y4 = 36.392647  WHERE `id` = 10575;
UPDATE `cities` SET x1 = 45.060439, y1 = 37.926001, x2 = 45.460439, y2 = 37.926001, x3 = 45.060439, y3 = 38.326001, x4 = 45.460439, y4 = 38.326001  WHERE `id` = 10642;
UPDATE `cities` SET x1 = 51.822331, y1 = 47.582818, x2 = 52.222331, y2 = 47.582818, x3 = 51.822331, y3 = 47.982818, x4 = 52.222331, y4 = 47.982818  WHERE `id` = 10653;
UPDATE `cities` SET x1 = 57.359708, y1 = 49.735712, x2 = 57.759708, y2 = 49.735712, x3 = 57.359708, y3 = 50.135712, x4 = 57.759708, y4 = 50.135712  WHERE `id` = 10797;
UPDATE `cities` SET x1 = 48.857075, y1 = 44.63011, x2 = 49.257075, y2 = 44.63011, x3 = 48.857075, y3 = 45.03011, x4 = 49.257075, y4 = 45.03011  WHERE `id` = 10809;
UPDATE `cities` SET x1 = 50.122058, y1 = 44.601319, x2 = 50.522058, y2 = 44.601319, x3 = 50.122058, y3 = 45.001319, x4 = 50.522058, y4 = 45.001319  WHERE `id` = 11037;
UPDATE `cities` SET x1 = 53.044472, y1 = 38.941798, x2 = 53.444472, y2 = 38.941798, x3 = 53.044472, y3 = 39.341798, x4 = 53.444472, y4 = 39.341798  WHERE `id` = 11153;
UPDATE `cities` SET x1 = 53.59147, y1 = 81.154603, x2 = 53.99147, y2 = 81.154603, x3 = 53.59147, y3 = 81.554603, x4 = 53.99147, y4 = 81.554603  WHERE `id` = 11179;
UPDATE `cities` SET x1 = 54.764153, y1 = 48.090142, x2 = 55.164153, y2 = 48.090142, x3 = 54.764153, y3 = 48.490142, x4 = 55.164153, y4 = 48.490142  WHERE `id` = 11461;
UPDATE `cities` SET x1 = 54.790716, y1 = 57.489969, x2 = 55.190716, y2 = 57.489969, x3 = 54.790716, y3 = 57.889969, x4 = 55.190716, y4 = 57.889969  WHERE `id` = 11487;
UPDATE `cities` SET x1 = 55.419818, y1 = 40.457902, x2 = 55.819818, y2 = 40.457902, x3 = 55.419818, y3 = 40.857902, x4 = 55.819818, y4 = 40.857902  WHERE `id` = 11785;
UPDATE `cities` SET x1 = 54.281448, y1 = 53.26557, x2 = 54.681448, y2 = 53.26557, x3 = 54.281448, y3 = 53.66557, x4 = 54.681448, y4 = 53.66557  WHERE `id` = 11913;
UPDATE `cities` SET x1 = 52.725259, y1 = 78.372916, x2 = 53.125259, y2 = 78.372916, x3 = 52.725259, y3 = 78.772916, x4 = 53.125259, y4 = 78.772916  WHERE `id` = 12083;
UPDATE `cities` SET x1 = 58.91779, y1 = 27.888136, x2 = 59.31779, y2 = 27.888136, x3 = 58.91779, y3 = 28.288136, x4 = 59.31779, y4 = 28.288136  WHERE `id` = 12453;
UPDATE `cities` SET x1 = 55.45984, y1 = 37.663199, x2 = 55.85984, y2 = 37.663199, x3 = 55.45984, y3 = 38.063199, x4 = 55.85984, y4 = 38.063199  WHERE `id` = 12945;
UPDATE `cities` SET x1 = 43.905325, y1 = 42.773193, x2 = 44.305325, y2 = 42.773193, x3 = 43.905325, y3 = 43.173193, x4 = 44.305325, y4 = 43.173193  WHERE `id` = 12973;
UPDATE `cities` SET x1 = 43.757376, y1 = 43.431946, x2 = 44.157376, y2 = 43.431946, x3 = 43.757376, y3 = 43.831946, x4 = 44.157376, y4 = 43.831946  WHERE `id` = 13277;
UPDATE `cities` SET x1 = 55.543553, y1 = 52.19582, x2 = 55.943553, y2 = 52.19582, x3 = 55.543553, y3 = 52.59582, x4 = 55.943553, y4 = 52.59582  WHERE `id` = 13320;
UPDATE `cities` SET x1 = 48.76644, y1 = 140.085128, x2 = 49.16644, y2 = 140.085128, x3 = 48.76644, y3 = 140.485128, x4 = 49.16644, y4 = 140.485128  WHERE `id` = 13479;
UPDATE `cities` SET x1 = 60.802486, y1 = 68.818408, x2 = 61.202486, y2 = 68.818408, x3 = 60.802486, y3 = 69.218408, x4 = 61.202486, y4 = 69.218408  WHERE `id` = 13593;
UPDATE `cities` SET x1 = 52.450646, y1 = 42.528663, x2 = 52.850646, y2 = 42.528663, x3 = 52.450646, y3 = 42.928663, x4 = 52.850646, y4 = 42.928663  WHERE `id` = 14578;
UPDATE `cities` SET x1 = 53.506332, y1 = 84.731551, x2 = 53.906332, y2 = 84.731551, x3 = 53.506332, y3 = 85.131551, x4 = 53.906332, y4 = 85.131551  WHERE `id` = 14590;
UPDATE `cities` SET x1 = 51.487126, y1 = 38.827263, x2 = 51.887126, y2 = 38.827263, x3 = 51.487126, y3 = 39.227263, x4 = 51.887126, y4 = 39.227263  WHERE `id` = 14882;
UPDATE `cities` SET x1 = 55.397856, y1 = 36.839462, x2 = 55.797856, y2 = 36.839462, x3 = 55.397856, y3 = 37.239462, x4 = 55.797856, y4 = 37.239462  WHERE `id` = 14920;
UPDATE `cities` SET x1 = 49.906518, y1 = 129.239309, x2 = 50.306518, y2 = 129.239309, x3 = 49.906518, y3 = 129.639309, x4 = 50.306518, y4 = 129.639309  WHERE `id` = 14980;
UPDATE `cities` SET x1 = 63.595285, y1 = 74.294448, x2 = 63.995285, y2 = 74.294448, x3 = 63.595285, y3 = 74.694448, x4 = 63.995285, y4 = 74.694448  WHERE `id` = 15041;
UPDATE `cities` SET x1 = 59.260968, y1 = 39.899977, x2 = 59.660968, y2 = 39.899977, x3 = 59.260968, y3 = 40.299977, x4 = 59.660968, y4 = 40.299977  WHERE `id` = 15148;
UPDATE `cities` SET x1 = 51.833973, y1 = 113.299432, x2 = 52.233973, y2 = 113.299432, x3 = 51.833973, y3 = 113.699432, x4 = 52.233973, y4 = 113.699432  WHERE `id` = 15525;
UPDATE `cities` SET x1 = 58.14859, y1 = 59.840896, x2 = 58.54859, y2 = 59.840896, x3 = 58.14859, y3 = 60.240896, x4 = 58.54859, y4 = 60.240896  WHERE `id` = 15757;
UPDATE `cities` SET x1 = 44.857123, y1 = 34.39997, x2 = 45.257123, y2 = 34.39997, x3 = 44.857123, y3 = 34.79997, x4 = 45.257123, y4 = 34.79997  WHERE `id` = 15844;
UPDATE `cities` SET x1 = 55.529686, y1 = 36.655325, x2 = 55.929686, y2 = 36.655325, x3 = 55.529686, y3 = 37.055325, x4 = 55.929686, y4 = 37.055325  WHERE `id` = 15888;
UPDATE `cities` SET x1 = 41.915189, y1 = 47.993914, x2 = 42.315189, y2 = 47.993914, x3 = 41.915189, y3 = 48.393914, x4 = 42.315189, y4 = 48.393914  WHERE `id` = 15954;
UPDATE `cities` SET x1 = 60.532141, y1 = 33.352139, x2 = 60.932141, y2 = 33.352139, x3 = 60.532141, y3 = 33.752139, x4 = 60.932141, y4 = 33.752139  WHERE `id` = 15972;
UPDATE `cities` SET x1 = 50.56053, y1 = 37.66478, x2 = 50.96053, y2 = 37.66478, x3 = 50.56053, y3 = 38.06478, x4 = 50.96053, y4 = 38.06478  WHERE `id` = 16085;
UPDATE `cities` SET x1 = 60.739742, y1 = 76.369601, x2 = 61.139742, y2 = 76.369601, x3 = 60.739742, y3 = 76.769601, x4 = 61.139742, y4 = 76.769601  WHERE `id` = 16122;
UPDATE `cities` SET x1 = 54.76515, y1 = 38.826059, x2 = 55.16515, y2 = 38.826059, x3 = 54.76515, y3 = 39.226059, x4 = 55.16515, y4 = 39.226059  WHERE `id` = 16480;
UPDATE `cities` SET x1 = 44.899028, y1 = 43.230606, x2 = 45.299028, y2 = 43.230606, x3 = 44.899028, y3 = 43.630606, x4 = 45.299028, y4 = 43.630606  WHERE `id` = 16533;
UPDATE `cities` SET x1 = 53.398743, y1 = 87.137051, x2 = 53.798743, y2 = 87.137051, x3 = 53.398743, y3 = 87.537051, x4 = 53.798743, y4 = 87.537051  WHERE `id` = 16635;
UPDATE `cities` SET x1 = 55.469315, y1 = 86.074469, x2 = 55.869315, y2 = 86.074469, x3 = 55.469315, y3 = 86.474469, x4 = 55.869315, y4 = 86.474469  WHERE `id` = 16639;
UPDATE `cities` SET x1 = 53.684466, y1 = 86.550082, x2 = 54.084466, y2 = 86.550082, x3 = 53.684466, y3 = 86.950082, x4 = 54.084466, y4 = 86.950082  WHERE `id` = 16641;
UPDATE `cities` SET x1 = 53.321083, y1 = 87.07716, x2 = 53.721083, y2 = 87.07716, x3 = 53.321083, y3 = 87.47716, x4 = 53.721083, y4 = 87.47716  WHERE `id` = 16642;
UPDATE `cities` SET x1 = 67.266723, y1 = 86.381361, x2 = 67.666723, y2 = 86.381361, x3 = 67.266723, y3 = 86.781361, x4 = 67.666723, y4 = 86.781361  WHERE `id` = 16683;
UPDATE `cities` SET x1 = 48.881575, y1 = 141.869281, x2 = 49.281575, y2 = 141.869281, x3 = 48.881575, y3 = 142.269281, x4 = 49.281575, y4 = 142.269281  WHERE `id` = 16836;
UPDATE `cities` SET x1 = 53.486596, y1 = 87.870372, x2 = 53.886596, y2 = 87.870372, x3 = 53.486596, y3 = 88.270372, x4 = 53.886596, y4 = 88.270372  WHERE `id` = 16886;
UPDATE `cities` SET x1 = 59.819041, y1 = 30.445577, x2 = 60.219041, y2 = 30.445577, x3 = 59.819041, y3 = 30.845577, x4 = 60.219041, y4 = 30.845577  WHERE `id` = 17428;
UPDATE `cities` SET x1 = 50.476327, y1 = 155.924106, x2 = 50.876327, y2 = 155.924106, x3 = 50.476327, y3 = 156.324106, x4 = 50.876327, y4 = 156.324106  WHERE `id` = 17462;
UPDATE `cities` SET x1 = 56.133305, y1 = 46.346656, x2 = 56.533305, y2 = 46.346656, x3 = 56.133305, y3 = 46.746656, x4 = 56.533305, y4 = 46.746656  WHERE `id` = 17735;
UPDATE `cities` SET x1 = 51.151246, y1 = 48.073478, x2 = 51.551246, y2 = 48.073478, x3 = 51.151246, y3 = 48.473478, x4 = 51.551246, y4 = 48.473478  WHERE `id` = 17812;
UPDATE `cities` SET x1 = 55.17501, y1 = 37.338979, x2 = 55.57501, y2 = 37.338979, x3 = 55.17501, y3 = 37.738979, x4 = 55.57501, y4 = 37.738979  WHERE `id` = 17852;
UPDATE `cities` SET x1 = 58.298652, y1 = 38.922987, x2 = 58.698652, y2 = 38.922987, x3 = 58.298652, y3 = 39.322987, x4 = 58.698652, y4 = 39.322987  WHERE `id` = 18016;
UPDATE `cities` SET x1 = 50.397467, y1 = 36.388849, x2 = 50.797467, y2 = 36.388849, x3 = 50.397467, y3 = 36.788849, x4 = 50.797467, y4 = 36.788849  WHERE `id` = 18436;
UPDATE `cities` SET x1 = 55.306943, y1 = 47.291764, x2 = 55.706943, y2 = 47.291764, x3 = 55.306943, y3 = 47.691764, x4 = 55.706943, y4 = 47.691764  WHERE `id` = 18860;
UPDATE `cities` SET x1 = 53.16596, y1 = 33.909732, x2 = 53.56596, y2 = 33.909732, x3 = 53.16596, y3 = 34.309732, x4 = 53.56596, y4 = 34.309732  WHERE `id` = 19053;
UPDATE `cities` SET x1 = 58.532526, y1 = 29.649175, x2 = 58.932526, y2 = 29.649175, x3 = 58.532526, y3 = 30.049175, x4 = 58.932526, y4 = 30.049175  WHERE `id` = 19261;
UPDATE `cities` SET x1 = 53.043325, y1 = 34.163731, x2 = 53.443325, y2 = 34.163731, x3 = 53.043325, y3 = 34.563731, x4 = 53.443325, y4 = 34.563731  WHERE `id` = 19490;
UPDATE `cities` SET x1 = 44.523566, y1 = 37.568678, x2 = 44.923566, y2 = 37.568678, x3 = 44.523566, y3 = 37.968678, x4 = 44.923566, y4 = 37.968678  WHERE `id` = 19495;
UPDATE `cities` SET x1 = 51.642282, y1 = 41.261796, x2 = 52.042282, y2 = 41.261796, x3 = 51.642282, y3 = 41.661796, x4 = 52.042282, y4 = 41.661796  WHERE `id` = 19545;
UPDATE `cities` SET x1 = 55.714287, y1 = 36.660284, x2 = 56.114287, y2 = 36.660284, x3 = 55.714287, y3 = 37.060284, x4 = 56.114287, y4 = 37.060284  WHERE `id` = 19615;
UPDATE `cities` SET x1 = 53.733794, y1 = 37.431577, x2 = 54.133794, y2 = 37.431577, x3 = 53.733794, y3 = 37.831577, x4 = 54.133794, y4 = 37.831577  WHERE `id` = 19648;
UPDATE `cities` SET x1 = 51.167719, y1 = 41.874995, x2 = 51.567719, y2 = 41.874995, x3 = 51.167719, y3 = 42.274995, x4 = 51.567719, y4 = 42.274995  WHERE `id` = 19711;
UPDATE `cities` SET x1 = 54.431368, y1 = 22.371357, x2 = 54.831368, y2 = 22.371357, x3 = 54.431368, y3 = 22.771357, x4 = 54.831368, y4 = 22.771357  WHERE `id` = 19821;
UPDATE `cities` SET x1 = 56.513217, y1 = 36.579309, x2 = 56.913217, y2 = 36.579309, x3 = 56.513217, y3 = 36.979309, x4 = 56.913217, y4 = 36.979309  WHERE `id` = 20010;
UPDATE `cities` SET x1 = 46.489615, y1 = 47.651791, x2 = 46.889615, y2 = 47.651791, x3 = 46.489615, y3 = 48.051791, x4 = 46.889615, y4 = 48.051791  WHERE `id` = 20050;
UPDATE `cities` SET x1 = 51.083644, y1 = 37.334748, x2 = 51.483644, y2 = 37.334748, x3 = 51.083644, y3 = 37.734748, x4 = 51.483644, y4 = 37.734748  WHERE `id` = 20065;
UPDATE `cities` SET x1 = 58.281719, y1 = 41.333113, x2 = 58.681719, y2 = 41.333113, x3 = 58.281719, y3 = 41.733113, x4 = 58.681719, y4 = 41.733113  WHERE `id` = 20376;
UPDATE `cities` SET x1 = 53.883217, y1 = 61.359759, x2 = 54.283217, y2 = 61.359759, x3 = 53.883217, y3 = 61.759759, x4 = 54.283217, y4 = 61.759759  WHERE `id` = 20535;
UPDATE `cities` SET x1 = 44.734412, y1 = 37.785495, x2 = 45.134412, y2 = 37.785495, x3 = 44.734412, y3 = 38.185495, x4 = 45.134412, y4 = 38.185495  WHERE `id` = 20565;
UPDATE `cities` SET x1 = 52.556648, y1 = 103.438769, x2 = 52.956648, y2 = 103.438769, x3 = 52.556648, y3 = 103.838769, x4 = 52.956648, y4 = 103.838769  WHERE `id` = 20566;
UPDATE `cities` SET x1 = 47.431528, y1 = 42.942625, x2 = 47.831528, y2 = 42.942625, x3 = 47.431528, y3 = 43.342625, x4 = 47.831528, y4 = 43.342625  WHERE `id` = 20871;
UPDATE `cities` SET x1 = 58.403581, y1 = 49.468023, x2 = 58.803581, y2 = 49.468023, x3 = 58.403581, y3 = 49.868023, x4 = 58.803581, y4 = 49.868023  WHERE `id` = 20903;
UPDATE `cities` SET x1 = 63.399034, y1 = 53.676306, x2 = 63.799034, y2 = 53.676306, x3 = 63.399034, y3 = 54.076306, x4 = 63.799034, y4 = 54.076306  WHERE `id` = 21085;
UPDATE `cities` SET x1 = 44.476379, y1 = 34.210048, x2 = 44.876379, y2 = 34.210048, x3 = 44.476379, y3 = 34.610048, x4 = 44.876379, y4 = 34.610048  WHERE `id` = 21113;
UPDATE `cities` SET x1 = 61.94557, y1 = 65.194514, x2 = 62.34557, y2 = 65.194514, x3 = 61.94557, y3 = 65.594514, x4 = 62.34557, y4 = 65.594514  WHERE `id` = 21381;
UPDATE `cities` SET x1 = 51.460496, y1 = 35.457143, x2 = 51.860496, y2 = 35.457143, x3 = 51.460496, y3 = 35.857143, x4 = 51.860496, y4 = 35.857143  WHERE `id` = 21639;
UPDATE `cities` SET x1 = 57.575747, y1 = 107.910861, x2 = 57.975747, y2 = 107.910861, x3 = 57.575747, y3 = 108.310861, x4 = 57.975747, y4 = 108.310861  WHERE `id` = 21640;
UPDATE `cities` SET x1 = 51.845967, y1 = 47.187317, x2 = 52.245967, y2 = 47.187317, x3 = 51.845967, y3 = 47.587317, x4 = 52.245967, y4 = 47.587317  WHERE `id` = 21949;
UPDATE `cities` SET x1 = 55.812053, y1 = 37.275082, x2 = 56.212053, y2 = 37.275082, x3 = 55.812053, y3 = 37.675082, x4 = 56.212053, y4 = 37.675082  WHERE `id` = 22069;
UPDATE `cities` SET x1 = 54.279555, y1 = 37.489689, x2 = 54.679555, y2 = 37.489689, x3 = 54.279555, y3 = 37.889689, x4 = 54.679555, y4 = 37.889689  WHERE `id` = 22345;
UPDATE `cities` SET x1 = 51.163434, y1 = 110.259048, x2 = 51.563434, y2 = 110.259048, x3 = 51.163434, y3 = 110.659048, x4 = 51.563434, y4 = 110.659048  WHERE `id` = 22413;
UPDATE `cities` SET x1 = 52.451657, y1 = 89.888572, x2 = 52.851657, y2 = 89.888572, x3 = 52.451657, y3 = 90.288572, x4 = 52.851657, y4 = 90.288572  WHERE `id` = 22613;
UPDATE `cities` SET x1 = 51.368111, y1 = 34.48018, x2 = 51.768111, y2 = 34.48018, x3 = 51.368111, y3 = 34.88018, x4 = 51.768111, y4 = 34.88018  WHERE `id` = 22929;
UPDATE `cities` SET x1 = 59.149296, y1 = 31.04858, x2 = 59.549296, y2 = 31.04858, x3 = 59.149296, y3 = 31.44858, x4 = 59.549296, y4 = 31.44858  WHERE `id` = 23122;
UPDATE `cities` SET x1 = 56.65436, y1 = 40.335471, x2 = 57.05436, y2 = 40.335471, x3 = 56.65436, y3 = 40.735471, x4 = 57.05436, y4 = 40.735471  WHERE `id` = 23180;
UPDATE `cities` SET x1 = 54.264623, y1 = 19.745438, x2 = 54.664623, y2 = 19.745438, x3 = 54.264623, y3 = 20.145438, x4 = 54.664623, y4 = 20.145438  WHERE `id` = 23399;
UPDATE `cities` SET x1 = 54.249005, y1 = 61.058096, x2 = 54.649005, y2 = 61.058096, x3 = 54.249005, y3 = 61.458096, x4 = 54.649005, y4 = 61.458096  WHERE `id` = 23617;
UPDATE `cities` SET x1 = 54.845671, y1 = 59.907677, x2 = 55.245671, y2 = 59.907677, x3 = 54.845671, y3 = 60.307677, x4 = 55.245671, y4 = 60.307677  WHERE `id` = 23681;
UPDATE `cities` SET x1 = 44.008799, y1 = 42.93834, x2 = 44.408799, y2 = 42.93834, x3 = 44.008799, y3 = 43.33834, x4 = 44.408799, y4 = 43.33834  WHERE `id` = 24071;
UPDATE `cities` SET x1 = 52.884236, y1 = 103.136504, x2 = 53.284236, y2 = 103.136504, x3 = 52.884236, y3 = 103.536504, x4 = 53.284236, y4 = 103.536504  WHERE `id` = 24120;
UPDATE `cities` SET x1 = 54.035127, y1 = 85.603007, x2 = 54.435127, y2 = 85.603007, x3 = 54.035127, y3 = 86.003007, x4 = 54.435127, y4 = 86.003007  WHERE `id` = 24187;
UPDATE `cities` SET x1 = 55.722212, y1 = 37.654629, x2 = 56.122212, y2 = 37.654629, x3 = 55.722212, y3 = 38.054629, x4 = 56.122212, y4 = 38.054629  WHERE `id` = 24355;
UPDATE `cities` SET x1 = 58.203221, y1 = 50.933166, x2 = 58.603221, y2 = 50.933166, x3 = 58.203221, y3 = 51.333166, x4 = 58.603221, y4 = 51.333166  WHERE `id` = 24435;
UPDATE `cities` SET x1 = 58.638377, y1 = 36.242495, x2 = 59.038377, y2 = 36.242495, x3 = 58.638377, y3 = 36.642495, x4 = 59.038377, y4 = 36.642495  WHERE `id` = 24522;
UPDATE `cities` SET x1 = 51.844338, y1 = 39.526367, x2 = 52.244338, y2 = 39.526367, x3 = 51.844338, y3 = 39.926367, x4 = 52.244338, y4 = 39.926367  WHERE `id` = 24536;
UPDATE `cities` SET x1 = 55.640563, y1 = 48.057856, x2 = 56.040563, y2 = 48.057856, x3 = 55.640563, y3 = 48.457856, x4 = 56.040563, y4 = 48.457856  WHERE `id` = 24837;
UPDATE `cities` SET x1 = 55.811404, y1 = 90.216889, x2 = 56.211404, y2 = 90.216889, x3 = 55.811404, y3 = 90.616889, x4 = 56.211404, y4 = 90.616889  WHERE `id` = 25055;
UPDATE `cities` SET x1 = 50.584551, y1 = 36.288686, x2 = 50.984551, y2 = 36.288686, x3 = 50.584551, y3 = 36.688686, x4 = 50.984551, y4 = 36.688686  WHERE `id` = 25469;
UPDATE `cities` SET x1 = 48.507103, y1 = 44.316939, x2 = 48.907103, y2 = 44.316939, x3 = 48.507103, y3 = 44.716939, x4 = 48.907103, y4 = 44.716939  WHERE `id` = 25715;
UPDATE `cities` SET x1 = 55.402144, y1 = 37.146551, x2 = 55.802144, y2 = 37.146551, x3 = 55.402144, y3 = 37.546551, x4 = 55.802144, y4 = 37.546551  WHERE `id` = 25735;
UPDATE `cities` SET x1 = 57.874855, y1 = 60.502577, x2 = 58.274855, y2 = 60.502577, x3 = 57.874855, y3 = 60.902577, x4 = 58.274855, y4 = 60.902577  WHERE `id` = 26411;
UPDATE `cities` SET x1 = 56.459963, y1 = 124.52027, x2 = 56.859963, y2 = 124.52027, x3 = 56.459963, y3 = 124.92027, x4 = 56.859963, y4 = 124.92027  WHERE `id` = 26418;
UPDATE `cities` SET x1 = 55.55208, y1 = 48.544609, x2 = 55.95208, y2 = 48.544609, x3 = 55.55208, y3 = 48.944609, x4 = 55.95208, y4 = 48.944609  WHERE `id` = 26525;
UPDATE `cities` SET x1 = 43.597279, y1 = 131.751753, x2 = 43.997279, y2 = 131.751753, x3 = 43.597279, y3 = 132.151753, x4 = 43.997279, y4 = 132.151753  WHERE `id` = 26540;
UPDATE `cities` SET x1 = 56.907152, y1 = 41.533366, x2 = 57.307152, y2 = 41.533366, x3 = 56.907152, y3 = 41.933366, x4 = 57.307152, y4 = 41.933366  WHERE `id` = 26653;
UPDATE `cities` SET x1 = 52.391257, y1 = 58.111199, x2 = 52.791257, y2 = 58.111199, x3 = 52.391257, y3 = 58.511199, x4 = 52.791257, y4 = 58.511199  WHERE `id` = 26982;
UPDATE `cities` SET x1 = 55.215646, y1 = 55.358276, x2 = 55.615646, y2 = 55.358276, x3 = 55.215646, y3 = 55.758276, x4 = 55.615646, y4 = 55.758276  WHERE `id` = 27072;
UPDATE `cities` SET x1 = 53.308816, y1 = 49.219207, x2 = 53.708816, y2 = 49.219207, x3 = 53.308816, y3 = 49.619207, x4 = 53.708816, y4 = 49.619207  WHERE `id` = 27348;
UPDATE `cities` SET x1 = 59.744319, y1 = 30.83337, x2 = 60.144319, y2 = 30.83337, x3 = 59.744319, y3 = 31.23337, x4 = 60.144319, y4 = 31.23337  WHERE `id` = 27442;
UPDATE `cities` SET x1 = 55.379169, y1 = 41.852411, x2 = 55.779169, y2 = 41.852411, x3 = 55.379169, y3 = 42.252411, x4 = 55.779169, y4 = 42.252411  WHERE `id` = 27632;
UPDATE `cities` SET x1 = 55.909551, y1 = 47.279125, x2 = 56.309551, y2 = 47.279125, x3 = 55.909551, y3 = 47.679125, x4 = 56.309551, y4 = 47.679125  WHERE `id` = 27776;
UPDATE `cities` SET x1 = 56.324461, y1 = 50.478232, x2 = 56.724461, y2 = 50.478232, x3 = 56.324461, y3 = 50.878232, x4 = 56.724461, y4 = 50.878232  WHERE `id` = 27911;
UPDATE `cities` SET x1 = 51.513333, y1 = 46.540009, x2 = 51.913333, y2 = 46.540009, x3 = 51.513333, y3 = 46.940009, x4 = 51.913333, y4 = 46.940009  WHERE `id` = 27962;
UPDATE `cities` SET x1 = 60.831835, y1 = 75.902549, x2 = 61.231835, y2 = 75.902549, x3 = 60.831835, y3 = 76.302549, x4 = 61.231835, y4 = 76.302549  WHERE `id` = 28011;
UPDATE `cities` SET x1 = 55.119797, y1 = 38.47241, x2 = 55.519797, y2 = 38.47241, x3 = 55.119797, y3 = 38.87241, x4 = 55.519797, y4 = 38.87241  WHERE `id` = 28654;
UPDATE `cities` SET x1 = 58.001698, y1 = 68.053762, x2 = 58.401698, y2 = 68.053762, x3 = 58.001698, y3 = 68.453762, x4 = 58.401698, y4 = 68.453762  WHERE `id` = 28696;
UPDATE `cities` SET x1 = 50.253372, y1 = 39.936916, x2 = 50.653372, y2 = 39.936916, x3 = 50.253372, y3 = 40.336916, x4 = 50.653372, y4 = 40.336916  WHERE `id` = 28895;
UPDATE `cities` SET x1 = 60.166014, y1 = 28.413552, x2 = 60.566014, y2 = 28.413552, x3 = 60.166014, y3 = 28.813552, x4 = 60.566014, y4 = 28.813552  WHERE `id` = 28898;
UPDATE `cities` SET x1 = 56.812219, y1 = 63.532119, x2 = 57.212219, y2 = 63.532119, x3 = 56.812219, y3 = 63.932119, x4 = 57.212219, y4 = 63.932119  WHERE `id` = 28900;
UPDATE `cities` SET x1 = 51.175889, y1 = 127.934147, x2 = 51.575889, y2 = 127.934147, x3 = 51.175889, y3 = 128.334147, x4 = 51.575889, y4 = 128.334147  WHERE `id` = 29356;
UPDATE `cities` SET x1 = 56.454689, y1 = 66.112206, x2 = 56.854689, y2 = 66.112206, x3 = 56.454689, y3 = 66.512206, x4 = 56.854689, y4 = 66.512206  WHERE `id` = 30327;
UPDATE `cities` SET x1 = 50.224119, y1 = 40.81624, x2 = 50.624119, y2 = 40.81624, x3 = 50.224119, y3 = 41.21624, x4 = 50.624119, y4 = 41.21624  WHERE `id` = 30403;
UPDATE `cities` SET x1 = 55.353299, y1 = 34.796845, x2 = 55.753299, y2 = 34.796845, x3 = 55.353299, y3 = 35.196845, x4 = 55.753299, y4 = 35.196845  WHERE `id` = 30423;
UPDATE `cities` SET x1 = 55.225481, y1 = 38.06409, x2 = 55.625481, y2 = 38.06409, x3 = 55.225481, y3 = 38.46409, x4 = 55.625481, y4 = 38.46409  WHERE `id` = 31061;
UPDATE `cities` SET x1 = 58.082548, y1 = 59.564673, x2 = 58.482548, y2 = 59.564673, x3 = 58.082548, y3 = 59.964673, x4 = 58.482548, y4 = 59.964673  WHERE `id` = 31718;
UPDATE `cities` SET x1 = 58.431026, y1 = 59.652097, x2 = 58.831026, y2 = 59.652097, x3 = 58.431026, y3 = 60.052097, x4 = 58.831026, y4 = 60.052097  WHERE `id` = 31719;
UPDATE `cities` SET x1 = 56.494558, y1 = 60.634351, x2 = 56.894558, y2 = 60.634351, x3 = 56.494558, y3 = 61.034351, x4 = 56.894558, y4 = 61.034351  WHERE `id` = 32272;
UPDATE `cities` SET x1 = 60.779326, y1 = 32.772645, x2 = 61.179326, y2 = 32.772645, x3 = 60.779326, y3 = 33.172645, x4 = 61.179326, y4 = 33.172645  WHERE `id` = 32571;
UPDATE `cities` SET x1 = 61.373083, y1 = 31.271254, x2 = 61.773083, y2 = 31.271254, x3 = 61.373083, y3 = 31.671254, x4 = 61.773083, y4 = 31.671254  WHERE `id` = 32573;
UPDATE `cities` SET x1 = 60.865915, y1 = 41.90331, x2 = 61.265915, y2 = 41.90331, x3 = 60.865915, y3 = 42.30331, x4 = 61.265915, y4 = 42.30331  WHERE `id` = 32577;
UPDATE `cities` SET x1 = 44.363022, y1 = 37.879055, x2 = 44.763022, y2 = 37.879055, x3 = 44.363022, y3 = 38.279055, x4 = 44.763022, y4 = 38.279055  WHERE `id` = 32880;
UPDATE `cities` SET x1 = 64.948602, y1 = 57.023977, x2 = 65.348602, y2 = 57.023977, x3 = 64.948602, y3 = 57.423977, x4 = 65.348602, y4 = 57.423977  WHERE `id` = 33672;
UPDATE `cities` SET x1 = 56.163628, y1 = 41.11122, x2 = 56.563628, y2 = 41.11122, x3 = 56.163628, y3 = 41.51122, x4 = 56.563628, y4 = 41.51122  WHERE `id` = 33843;
UPDATE `cities` SET x1 = 54.206265, y1 = 32.239782, x2 = 54.606265, y2 = 32.239782, x3 = 54.206265, y3 = 32.639782, x4 = 54.606265, y4 = 32.639782  WHERE `id` = 34272;
UPDATE `cities` SET x1 = 64.232625, y1 = 76.300494, x2 = 64.632625, y2 = 76.300494, x3 = 64.232625, y3 = 76.700494, x4 = 64.632625, y4 = 76.700494  WHERE `id` = 34277;
UPDATE `cities` SET x1 = 62.712774, y1 = 34.25685, x2 = 63.112774, y2 = 34.25685, x3 = 62.712774, y3 = 34.65685, x4 = 63.112774, y4 = 34.65685  WHERE `id` = 34310;
UPDATE `cities` SET x1 = 43.948599, y1 = 43.273896, x2 = 44.348599, y2 = 43.273896, x3 = 43.948599, y3 = 43.673896, x4 = 44.348599, y4 = 43.673896  WHERE `id` = 34513;
UPDATE `cities` SET x1 = 45.65468, y1 = 39.925929, x2 = 46.05468, y2 = 39.925929, x3 = 45.65468, y3 = 40.325929, x4 = 46.05468, y4 = 40.325929  WHERE `id` = 34554;
UPDATE `cities` SET x1 = 52.921594, y1 = 34.782796, x2 = 53.321594, y2 = 34.782796, x3 = 52.921594, y3 = 35.182796, x4 = 53.321594, y4 = 35.182796  WHERE `id` = 34910;
UPDATE `cities` SET x1 = 46.147869, y1 = 47.833574, x2 = 46.547869, y2 = 47.833574, x3 = 46.147869, y3 = 48.233574, x4 = 46.547869, y4 = 48.233574  WHERE `id` = 35609;
UPDATE `cities` SET x1 = 49.850167, y1 = 46.680398, x2 = 50.250167, y2 = 46.680398, x3 = 49.850167, y3 = 47.080398, x4 = 50.250167, y4 = 47.080398  WHERE `id` = 35752;
UPDATE `cities` SET x1 = 45.128573, y1 = 42.656628, x2 = 45.528573, y2 = 42.656628, x3 = 45.128573, y3 = 43.056628, x4 = 45.528573, y4 = 43.056628  WHERE `id` = 35773;
UPDATE `cities` SET x1 = 56.314927, y1 = 34.733586, x2 = 56.714927, y2 = 34.733586, x3 = 56.314927, y3 = 35.133586, x4 = 56.714927, y4 = 35.133586  WHERE `id` = 35787;
UPDATE `cities` SET x1 = 53.732023, y1 = 37.722092, x2 = 54.132023, y2 = 37.722092, x3 = 53.732023, y3 = 38.122092, x4 = 54.132023, y4 = 38.122092  WHERE `id` = 35806;
UPDATE `cities` SET x1 = 59.566534, y1 = 59.801227, x2 = 59.966534, y2 = 59.801227, x3 = 59.566534, y3 = 60.201227, x4 = 59.966534, y4 = 60.201227  WHERE `id` = 35859;
UPDATE `cities` SET x1 = 55.252686, y1 = 40.412502, x2 = 55.652686, y2 = 40.412502, x3 = 55.252686, y3 = 40.812502, x4 = 55.652686, y4 = 40.812502  WHERE `id` = 35979;
UPDATE `cities` SET x1 = 54.35712, y1 = 100.378038, x2 = 54.75712, y2 = 100.378038, x3 = 54.35712, y3 = 100.778038, x4 = 54.75712, y4 = 100.778038  WHERE `id` = 36322;
UPDATE `cities` SET x1 = 53.552197, y1 = 34.538723, x2 = 53.952197, y2 = 34.538723, x3 = 53.552197, y3 = 34.938723, x4 = 53.952197, y4 = 34.938723  WHERE `id` = 36444;
UPDATE `cities` SET x1 = 57.117815, y1 = 42.910995, x2 = 57.517815, y2 = 42.910995, x3 = 57.117815, y3 = 43.310995, x4 = 57.517815, y4 = 43.310995  WHERE `id` = 36706;
UPDATE `cities` SET x1 = 53.839201, y1 = 43.719056, x2 = 54.239201, y2 = 43.719056, x3 = 53.839201, y3 = 44.119056, x4 = 54.239201, y4 = 44.119056  WHERE `id` = 36711;
UPDATE `cities` SET x1 = 59.750767, y1 = 40.006418, x2 = 60.150767, y2 = 40.006418, x3 = 59.750767, y3 = 40.406418, x4 = 60.150767, y4 = 40.406418  WHERE `id` = 36742;
UPDATE `cities` SET x1 = 53.536206, y1 = 119.56608, x2 = 53.936206, y2 = 119.56608, x3 = 53.536206, y3 = 119.96608, x4 = 53.936206, y4 = 119.96608  WHERE `id` = 36900;
UPDATE `cities` SET x1 = 54.997204, y1 = 36.3952, x2 = 55.397204, y2 = 36.3952, x3 = 54.997204, y3 = 36.7952, x4 = 55.397204, y4 = 36.7952  WHERE `id` = 37083;
UPDATE `cities` SET x1 = 55.231177, y1 = 37.344737, x2 = 55.631177, y2 = 37.344737, x3 = 55.231177, y3 = 37.744737, x4 = 55.631177, y4 = 37.744737  WHERE `id` = 37341;
UPDATE `cities` SET x1 = 57.040412, y1 = 37.655078, x2 = 57.440412, y2 = 37.655078, x3 = 57.040412, y3 = 38.055078, x4 = 57.440412, y4 = 38.055078  WHERE `id` = 37348;
UPDATE `cities` SET x1 = 59.940229, y1 = 32.360111, x2 = 60.340229, y2 = 32.360111, x3 = 59.940229, y3 = 32.760111, x4 = 60.340229, y4 = 32.760111  WHERE `id` = 37353;
UPDATE `cities` SET x1 = 54.639805, y1 = 46.372177, x2 = 55.039805, y2 = 46.372177, x3 = 54.639805, y3 = 46.772177, x4 = 55.039805, y4 = 46.772177  WHERE `id` = 37601;
UPDATE `cities` SET x1 = 55.810005, y1 = 38.179245, x2 = 56.210005, y2 = 38.179245, x3 = 55.810005, y3 = 38.579245, x4 = 56.210005, y4 = 38.579245  WHERE `id` = 38223;
UPDATE `cities` SET x1 = 61.131867, y1 = 46.720445, x2 = 61.531867, y2 = 46.720445, x3 = 61.131867, y3 = 47.120445, x4 = 61.531867, y4 = 47.120445  WHERE `id` = 38604;
UPDATE `cities` SET x1 = 45.193055, y1 = 47.143219, x2 = 45.593055, y2 = 47.143219, x3 = 45.193055, y3 = 47.543219, x4 = 45.593055, y4 = 47.543219  WHERE `id` = 38870;
UPDATE `cities` SET x1 = 58.505138, y1 = 59.284004, x2 = 58.905138, y2 = 59.284004, x3 = 58.505138, y3 = 59.684004, x4 = 58.905138, y4 = 59.684004  WHERE `id` = 39110;
UPDATE `cities` SET x1 = 44.581528, y1 = 43.965024, x2 = 44.981528, y2 = 43.965024, x3 = 44.581528, y3 = 44.365024, x4 = 44.981528, y4 = 44.365024  WHERE `id` = 39123;
UPDATE `cities` SET x1 = 51.776837, y1 = 42.05296, x2 = 52.176837, y2 = 42.05296, x3 = 51.776837, y3 = 42.45296, x4 = 52.176837, y4 = 42.45296  WHERE `id` = 39149;
UPDATE `cities` SET x1 = 65.883963, y1 = 76.480974, x2 = 66.283963, y2 = 76.480974, x3 = 65.883963, y3 = 76.880974, x4 = 66.283963, y4 = 76.880974  WHERE `id` = 39247;
UPDATE `cities` SET x1 = 57.254414, y1 = 40.372446, x2 = 57.654414, y2 = 40.372446, x3 = 57.254414, y3 = 40.772446, x4 = 57.654414, y4 = 40.772446  WHERE `id` = 39270;
UPDATE `cities` SET x1 = 54.55211, y1 = 57.998389, x2 = 54.95211, y2 = 57.998389, x3 = 54.55211, y3 = 58.398389, x4 = 54.95211, y4 = 58.398389  WHERE `id` = 39328;
UPDATE `cities` SET x1 = 61.13658, y1 = 73.138595, x2 = 61.53658, y2 = 73.138595, x3 = 61.13658, y3 = 73.538595, x4 = 61.53658, y4 = 73.538595  WHERE `id` = 39408;
UPDATE `cities` SET x1 = 55.878684, y1 = 85.820129, x2 = 56.278684, y2 = 85.820129, x3 = 55.878684, y3 = 86.220129, x4 = 56.278684, y4 = 86.220129  WHERE `id` = 39825;
UPDATE `cities` SET x1 = 54.868705, y1 = 32.489675, x2 = 55.268705, y2 = 32.489675, x3 = 54.868705, y3 = 32.889675, x4 = 55.268705, y4 = 32.889675  WHERE `id` = 39962;
UPDATE `cities` SET x1 = 65.639904, y1 = 44.05314, x2 = 66.039904, y2 = 44.05314, x3 = 65.639904, y3 = 44.45314, x4 = 66.039904, y4 = 44.45314  WHERE `id` = 40048;
UPDATE `cities` SET x1 = 57.180662, y1 = 41.08083, x2 = 57.580662, y2 = 41.08083, x3 = 57.180662, y3 = 41.48083, x4 = 57.580662, y4 = 41.48083  WHERE `id` = 40208;
UPDATE `cities` SET x1 = 56.45075, y1 = 32.062041, x2 = 56.85075, y2 = 32.062041, x3 = 56.45075, y3 = 32.462041, x4 = 56.85075, y4 = 32.462041  WHERE `id` = 40238;
UPDATE `cities` SET x1 = 52.39292, y1 = 41.30575, x2 = 52.79292, y2 = 41.30575, x3 = 52.39292, y3 = 41.70575, x4 = 52.79292, y4 = 41.70575  WHERE `id` = 40294;
UPDATE `cities` SET x1 = 56.062877, y1 = 34.129065, x2 = 56.462877, y2 = 34.129065, x3 = 56.062877, y3 = 34.529065, x4 = 56.462877, y4 = 34.529065  WHERE `id` = 40297;
UPDATE `cities` SET x1 = 48.506788, y1 = 44.36314, x2 = 48.906788, y2 = 44.36314, x3 = 48.506788, y3 = 44.76314, x4 = 48.906788, y4 = 44.76314  WHERE `id` = 40430;
UPDATE `cities` SET x1 = 53.858268, y1 = 44.74911, x2 = 54.258268, y2 = 44.74911, x3 = 53.858268, y3 = 45.14911, x4 = 54.258268, y4 = 45.14911  WHERE `id` = 40520;
UPDATE `cities` SET x1 = 56.953033, y1 = 65.334328, x2 = 57.353033, y2 = 65.334328, x3 = 56.953033, y3 = 65.734328, x4 = 57.353033, y4 = 65.734328  WHERE `id` = 40850;
UPDATE `cities` SET x1 = 55.154968, y1 = 85.887314, x2 = 55.554968, y2 = 85.887314, x3 = 55.154968, y3 = 86.287314, x4 = 55.554968, y4 = 86.287314  WHERE `id` = 40913;
UPDATE `cities` SET x1 = 55.584729, y1 = 38.244651, x2 = 55.984729, y2 = 38.244651, x3 = 55.584729, y3 = 38.644651, x4 = 55.984729, y4 = 38.644651  WHERE `id` = 40995;
UPDATE `cities` SET x1 = 62.063872, y1 = 74.282878, x2 = 62.463872, y2 = 74.282878, x3 = 62.063872, y3 = 74.682878, x4 = 62.463872, y4 = 74.682878  WHERE `id` = 40999;
UPDATE `cities` SET x1 = 58.103426, y1 = 48.147508, x2 = 58.503426, y2 = 48.147508, x3 = 58.103426, y3 = 48.547508, x4 = 58.503426, y4 = 48.547508  WHERE `id` = 41016;
UPDATE `cities` SET x1 = 55.67188, y1 = 36.640682, x2 = 56.07188, y2 = 36.640682, x3 = 55.67188, y3 = 37.040682, x4 = 56.07188, y4 = 37.040682  WHERE `id` = 41125;
UPDATE `cities` SET x1 = 56.00506, y1 = 95.505109, x2 = 56.40506, y2 = 95.505109, x3 = 56.00506, y3 = 95.905109, x4 = 56.40506, y4 = 95.905109  WHERE `id` = 41132;
UPDATE `cities` SET x1 = 53.92031, y1 = 36.300931, x2 = 54.32031, y2 = 36.300931, x3 = 53.92031, y3 = 36.700931, x4 = 54.32031, y4 = 36.700931  WHERE `id` = 41181;
